774

1011006, 00001 1011010116, 1100011010
Νο0010063, 304, 0010000 10 110 -
1006, 00 110 death 01 Ηο0016 1,
321, 10 001006 006 60301106 01

INDEX·

0001010 100 00301 brother in 11030·
1011110001, 11.

1011010006, 60031100 01Ι 1106110006

110 111601, 197.

01311, 11. , 100006006ἰο 113 010- 10110110111 01 1100110001110, 64, 110

10111110111111111111000. 010.

1011010 appetu 10 commend the
Wett·Suon 11001, 264, 1100001010
110 00000, 11. , 1030010106 100 110
1000000 13 the execution 01 110 000,
10. ’

1011111311, 0011010060, daughter 01
1011106 110 (10001, 186. 193, 0010 ¹,
1060111001 30161110 0001 01 1100-
6000, 216.

101101οΙ6 01 Νο1110101010 01010 13
110 00130010, 104.

hertwici, brother 01 1031011101 North·
0011οἑιο killed, 110, 000 0100 78,
Mle .

10111 100060 110 11036010 01 Sum,
140, 0010 ⁴.

101111, 112.

1010010, 000 01 10110100016, 00001
1011106 110 (10001, 218. ·

,1Ἓο00 01 11003001, 11103 01 11001,

1000010101 1100000, 45.

1011011106, 0101110103 01 Canter-

11121330οωοω 110 3011610000, 124,

1011011016 01 1100000, 110 100001,
174 , 110106 0131001010011.

1011011011101 11001 0011110000 Chris·
600113, 17, 110 0010000110 repl 10
81. Angustiae, 19 , character 01110
10110, 17, 110 60011, 18.

10110110111 000 01 11110006, 110
10130 10 11001, 24.

1011011001101 1100110001ήο 10010106,
104 ,10010001 1051010160οε11, 111,
010110003001 1061300000 0301001
110000601000, 106.

1011011001101 1101103110 01010 13
otta, 118. 136. 362.

10110110011 0111000111 101300 first 10
Κο01, 174, 0110100 1100000 00 110
10011001 60011, 11, 003010 110
900110100100, 175, 10101106 01
3100110100, ih.

1011010006, 60031100 01 0001001101
1100010, 364.

1011010006, 60031100 01 Κ103101·
1106, 100 0001130011 10110006,
104. 210, 1000601, 11111 her 100-
1006, 01 31. Ρο100’0 01 (1100000101,
196, 101 heroic character,¹ 11,

victorie, 65, 013010 1116111οἱ, 66 ,
demands him 01 1100600160, 67,
10 01100106 suddenly 13 110 101100,
00601010, 11, escape 01110 chil-
dren 10 80011006, 11.

1031101310, 0001110103) 01 (1001001013,

10110130010, 01 113110, 6003110101
1011006110 creat, 186. 189.

10110110016, 0101110100 01 000101-
1013, 01100100 10 11000010010011001-
100010, 115, 116 , 1100101 101101 10
him, 120 , said 1010101000 01101
01 Μ1101001013, 130.

10110110006 01 1100001, 0010111οο
0301001, 55, 110 0110000001 quiet
101 ,11. ¹

Αε11ἰΞ11116,60031101 01 1106100006 110
Ε 00,197.

1011011103, 110013011001100, 97.

10110106 01 11001 103110, father 01
St. Aethelberht, 136.

Aethelred‚ king, 63110 nine 1011100
with the Dares 10 0003001, 176,
110 1013 006 1001003101 110 battle
01 010011, 0110103110 01 Μο0010
006 Νο011οι01010 10 shake 011110
3010, 177 , 11060011, 178.

10110110611,261 3 0000006131)υο-
0100,262,100103001101101030130-
chester, 006 10100ορ000 00 0010-
103 110 01030, 11. , 110 ill-treatment
01 1100110, 006 110 10060 with 110
101100-10-1001,263, 1ἰο kingdom&

·1010306 13 110 Decet, 263, pur·
010000 0010100011πίοο 01 1001111-
600, 11, 1003010000 1106 10 ,103
tribute, 264 , 110 1060101100 006 10-
60010100, 266, ,1030 0 11106 tribute
10110 00000, 267 , 110 general 10-
11111111.’,11111111111ξ
11100 thence tc the 1010 01 111311,
291, hies ch there 10 0000·
0010113 01 1 0 3001110011, 00060
110 1010113 10 Νο0010063, 006 short·

1 101100011010, 292, returns 00
110 death 01 811030, 106 601100
000100101 1031006, 296, orders
1113010011 006 Μο10016 10 10 put 10
death, 297, 0011100 10 100600 00
110 return 01 (3001, 299 , dies there,
00610 100106 10 St. Patre, 300.

 

